1.7854430216785486,-0.1552322334884187,-0.022180472656447,0.9997539830541995
3.587519038742569,-0.7793850658059591,-0.1936404071988194,0.9810725725958683
5.737869561310371,-1.508640475985098,-0.21339930681231786,0.9769650637827446
7.542276059279416,-0.5758308251435573,0.3263872237416361,0.9452361504821042
9.012542756293225,0.25839691755194394,0.04771657943389222,0.9988609152665495
11.115402900074125,-1.9315564835344468,-0.6759074373115638,0.7369865237485109
13.99434684437656,-1.934843895271591,0.09703785887220387,0.9952806910341917
14.579231325727537,-1.0223348996476411,0.7204828588725012,0.6934727464514432
14.090426559353618,0.08218573747119706,0.7178352188012492,0.6962130411365206
10.875290047218607,0.10326965509341857,-0.9999804057804179,0.006260036360172605
10.105170749163873,-0.8942835442901881,-0.8961027028151473,0.44384675959996367
8.9861408805957,-1.8339777328614089,-0.9657275243100667,0.2595579873360665
7.421842315276748,-0.7395096011597333,0.9377516764186234,0.34730648334585
5.630465617546706,-1.504538499992676,-0.9845660137184207,0.17501361270089372
2.055963033618907,-0.5145528629712135,0.9841706742321781,0.17722326027183902
-0.18251530440280472,-0.8499792402977773,0.00724636602637373,0.9999737447450369
